798654321654321987321987654987563412563412879412879563879246135246135798135798246
698754321754321986321986754987645213563219847412873695875462139249137568136598472
298765431765431982431982765987654213654213897312897654873549126549126378126378549
698754321754321986321986754987615243563249817412873695875462139249137568136598472
298765431765431982431982765987654213654123897312897654873549126549216378126378549
783954621654312987129876354367528419415693872298147563872469135546231798931785246
689754321745321986321986754978615243563249817412873695857462139294137568136598472
879654321654321987321987654987563412563412879412879563798246135246135798135798246
786495321453821697129637854398564712567312489214789563871246935642953178935178246
819654327674321985352987164987563412563412879421879653798246531246135798135798246
798654321654321987312987654987563412563412879421879563879246135146735298235198746
783954621654312987129876354367528419415639872298147563872495136541263798936781245
839765421265431789741982365987654213654213897312897654528379146493126578176548932
786425391453891627129637854398564712567312489214789563871246935642953178935178246
783954621654312987129876354316528479475639812298147563832795146541263798967481235
783495621654312987129876354367528419415639872298147563872954136541263798936781245
138765429265439781749182365987654213654213897321897654592378146413926578876541932
786425931453891627129637854398564712567312489214789563871246395642953178935178246
918654327674321985352987146897563412563412879421879653789246531246135798135798264
692754381754381926381926754967843215523619847418275693875462139249137568136598472
298765431756413982431982765985634217614257893327891654873549126549126378162378549
798654312654321987312987654987563421563412879421879563879246135146735298235198746
918657324674321985352984167827563419593412876146879253789146532461235798235798641
698754321754321986321689754967245813583916247412873695875462139249137568136598472
785634912649152783312987654197563428863421579524879136978245361456318297231796845
187654329654329817329187654816743592573298461492516783968472135241835976735961248
187654329654329187329187654816745293745293816293816745571468932468932571932571468
819654327674321958352987164987562413563419872421873695798246531246135789135798246
179654382684321957523987614817563429965412873432879561798246135246135798351798246
298765431756413982431892765985134627614257893327986154873549216549621378162378549
918657324674312985352984167827563419593421876146879253789146532461235798235798641
879654312654321987312987654987563421563412879421879563798246135146735298235198746
874956321651324987329187654987563412563412879412879563196248735248735196735691248
198765432726431895435982761987654213654123987312897654873549126549216378261378549
785934621643512987129876354567328419314659872298147563872495136451263798936781245
238795461751463982496812735985134627614257893327986154873549216549621378162378549
186495327753821694429637851398564712567312489214789563871246935642953178935178246
186495327753821694429637851598364712367512489214789563871246935642953178935178246
879651324651324987324987651987563412563412879412879563798246135246135798135798246
879654321654321987321987654987513462513462879462879513798246135246135798135798246
819654327674321985352987164987563412563412879421879653748296531236145798195738246
689754321745321986321986754918675243563249817472813695857462139294137568136598472
873495621654312987129876354367528419415639872298147563782954136541263798936781245
873495621654312987129876354367528149415639872298147563782951436541263798936784215
874956321156324987329187654987563412563412879412879563691248735248735196735691248
289765431756413982431982765598634217614257893327891654873549126945126378162378549
879651324654327981321984657987513462513462879462879513798246135246135798135798246
783954621654312987129876543316528479475639812298147356832765194541293768967481235
798654321654312987321987654987563412563421879412879563879246135246135798135798246
819654372674321958352987164987562413563419827421873695798246531246135789135798246
918654327674312985352987146897563412563421879421879653789246531246135798135798264
298765431765431982431982765987654213654213897312897654179548326843126579526379148
812954367674321958359687124987562413563419872421873695798246531246135789135798246
851942763627813459493756281245198637386275194179364528964587312712639845538421976
685479132734162598219538764197254683342687915568913427851726349926345871473891256
918657324674321985352984176827563419593412867146879253789146532461235798235798641
918657324674312985532984167827563419395421876146879253789146532461235798253798641
918657324674312985532984167847563219395421876126879453789146532461235798253798641
613794258987251364542683791356942817874516932129378546435127689791865423268439175
798654321654321987321987654987513462563472819412869573879246135246135798135798246
