798654321654321987321987654987563412563412879412879563879246135246135798135798246
698754321754321986321986754987645213563219847412873695875462139249137568136598472
298765431765431982431982765987654213654213897312897654873549126549126378126378549
698754321754321986321986754987615243563249817412873695875462139249137568136598472
298765431765431982431982765987654213654123897312897654873549126549216378126378549
783954621654312987129876354367528419415693872298147563872469135546231798931785246
987654321654321987321987654896745213745213896213896745579468132468132579132579468
264859317981734652753621849135297486892546731476318925318975264649182573527463198
783954621654312987129876354367598412415623879298147563872469135546231798931785246
896754321754321986321986754987465213563219847412873695678542139249137568135698472
873956124654312987129874356368527419415693872792148563987465231546231798231789645
896754321754321986321986754987645213563219847412873695675492138248137569139568472
783954621654312987129876354367598412215643879498127563872469135546231798931785246
873965124654312987129874356368527419415693872792148563987456231546231798231789645
264859317981734652753621849136297485892546731475318926318975264649182573527463198
264859317981734652753621849132597486496218735875346921318975264649182573527463198
264859317981734652753621849132597486895246731476318925318975264649182573527463198
264895317981734652753621849132957486496218735875346921318579264649182573527463198
264859317981734625753621849132597486895246731476318952318975264649182573527463198
798654321564321789321987654987563412653412978412879563879246135246135897135798246
987654321654321987321987654896745213745213869213896475579468132438172596162539748
987654123654321987321987654896745312743219865215836479579468231438172596162593748
783954621654321987921876354267538419415692873398417562876249135542183796139765248
873965124654312987192874356368527419415693872927148563789456231546231798231789645
698754321754321689321986754587619243913245867462873915875492136246137598139568472
264895317981734652753621849326957481495218736178346925839572164642189573517463298
698754321754321869321986754587619243913245687462873915875492136246137598139568472
698754321754321896321986754587619243913245687462873915875432169246197538139568472
783954621654312987129876354367598412415623879298147563872469135546731298931285746
783954621695312874124876395357698412418523967269147583572469138846231759931785246
298765431765431982431982765987654123654123897312897654873549216549216378126378549
264859317981734652753621849816297435392546781475318926148975263639182574527463198
261859347984731652753624819136297485892546731475318926318975264649182573527463198
698754321354921786721386954987645213536219847412873695875462139249137568163598472
264859317983174652751623849135297486892546731476318925618935274549782163327461598
789456321651372984324981657267598413843127569195643872472869135536714298918235746
896754321754321689321986754578619243913245867462873915285497136647132598139568472
698574321754321689321968754587619243913245867462783915875492136246137598139856472
698754123754321986321986754987465231563219847412873695276548319849137562135692478
698754321354921786721386954587649213936215847412873695875462139249137568163598472
783954612654312978129876354367598421415623789298147563872469135546231897931785246
987654321354721689621398754578169243193245867462873915745982136216437598839516472
896754321754321986312986754987465213563219847241873695678542139429137568135698472
896754321754321986321986754987465213563219847412873695679542138248137569135698472
873965124652314987194872356368527419415693872927148563789456231546231798231789645
896754321354921786721386954987645213635219847412873695578462139249137568163598472
264859317981734652753621849315297486892546731476318925138975264649182573527463198
873965124654312987192874356968527413415693872327148569789456231546231798231789645
698574321754321689321968754587619243913245867462783915875496132246137598139852476
462859317981734652753621849137296485296548731845317926318975264674182593529463178
261859347984731652753624819136297485892546731475318926518973264649182573327465198
896754321754321896312986745987465213543219687261873954678542139429137568135698472
896754321754321986312986754987465213563219847421873695678542139249137568135698472
463859217982714536751326849137298465296541783845637921318972654674185392529463178
